102 10302
1
2
3
4
5
6
7
8
9
10
11
12
13
14
15
16
17
18
19
20
21
22
23
24
25
26
27
28
29
30
31
32
33
34
35
36
37
38
39
40
41
42
43
44
45
46
47
48
49
50
51
52
53
54
55
56
57
58
59
60
61
62
63
64
65
66
67
68
69
70
71
72
73
74
75
76
77
78
79
80
81
82
83
84
85
86
87
88
89
90
91
92
93
94
95
96
97
98
99
100
101
102
1 102 -0.0
1 2 99976900.0
1 3 99978900.0
1 4 99979100.0
1 5 99979200.0
1 6 99977400.0
1 7 99975600.0
1 8 99978300.0
1 9 99975600.0
1 10 99974300.0
1 11 99976700.0
1 12 99975700.0
1 13 99976000.0
1 14 99978500.0
1 15 99976900.0
1 16 99979200.0
1 17 99977800.0
1 18 99975600.0
1 19 99976500.0
1 20 99976700.0
1 21 99973300.0
1 22 99975800.0
1 23 99974100.0
1 24 99974200.0
1 25 99976300.0
1 26 99976300.0
1 27 99978100.0
1 28 99977800.0
1 29 99977300.0
1 30 99977400.0
1 31 99977800.0
1 32 99975000.0
1 33 99977500.0
1 34 99976500.0
1 35 99976700.0
1 36 99977200.0
1 37 99976500.0
1 38 99977100.0
1 39 99975800.0
1 40 99977400.0
1 41 99975100.0
1 42 99976000.0
1 43 99975900.0
1 44 99975400.0
1 45 99978300.0
1 46 99976900.0
1 47 99976000.0
1 48 99976800.0
1 49 99976500.0
1 50 99979500.0
1 51 99976300.0
1 52 99976500.0
1 53 99977600.0
1 54 99975100.0
1 55 99975300.0
1 56 99976700.0
1 57 99975000.0
1 58 99975400.0
1 59 99975500.0
1 60 99975200.0
1 61 99975500.0
1 62 99975800.0
1 63 99976500.0
1 64 99975700.0
1 65 99976600.0
1 66 99976500.0
1 67 99976300.0
1 68 99975800.0
1 69 99975300.0
1 70 99975300.0
1 71 99973700.0
1 72 99975800.0
1 73 99975200.0
1 74 99974800.0
1 75 99976500.0
1 76 99975100.0
1 77 99977500.0
1 78 99977000.0
1 79 99977800.0
1 80 99976000.0
1 81 99978400.0
1 82 99977100.0
1 83 99978600.0
1 84 99974700.0
1 85 99976500.0
1 86 99975600.0
1 87 99975000.0
1 88 99978300.0
1 89 99973800.0
1 90 99975300.0
1 91 99978900.0
1 92 99974900.0
1 93 99974000.0
1 94 99976200.0
1 95 99976900.0
1 96 99973800.0
1 97 99973800.0
1 98 99977800.0
1 99 99976500.0
1 100 99979200.0
1 101 99976000.0
2 102 99996900.0
2 3 94813800.0
2 4 94812600.0
2 5 94813400.0
2 6 94812200.0
2 7 94811500.0
2 8 94811500.0
2 9 94809300.0
2 10 94808500.0
2 11 94812200.0
2 12 94811800.0
2 13 94809900.0
2 14 94811700.0
2 15 94814200.0
2 16 94812600.0
2 17 94810900.0
2 18 94810400.0
2 19 94813700.0
2 20 94813600.0
2 21 94807300.0
2 22 94812000.0
2 23 94807900.0
2 24 94807800.0
2 25 94809600.0
2 26 99998900.0
2 27 99998700.0
2 28 94811900.0
2 29 94813200.0
2 30 94811300.0
2 31 94813800.0
2 32 94809100.0
2 33 94812100.0
2 34 94809700.0
2 35 99999200.0
2 36 94813700.0
2 37 94812500.0
2 38 94810300.0
2 39 99998400.0
2 40 99999000.0
2 41 94813400.0
2 42 94812700.0
2 43 94809900.0
2 44 94814100.0
2 45 94812400.0
2 46 99999500.0
2 47 94809600.0
2 48 94810000.0
2 49 94810100.0
2 50 94813400.0
2 51 94809600.0
2 52 94810900.0
2 53 94812900.0
2 54 94808800.0
2 55 94812500.0
2 56 99999100.0
2 57 94808400.0
2 58 94813100.0
2 59 94810100.0
2 60 94808700.0
2 61 94812000.0
2 62 94809000.0
2 63 94811100.0
2 64 94808900.0
2 65 94811000.0
2 66 99998500.0
2 67 94810100.0
2 68 94809600.0
2 69 94814100.0
2 70 94809400.0
2 71 94807600.0
2 72 94809900.0
2 73 94811700.0
2 74 94808300.0
2 75 94812900.0
2 76 94808800.0
2 77 94811300.0
2 78 94813600.0
2 79 94811200.0
2 80 94810300.0
2 81 94812100.0
2 82 99998500.0
2 83 94811700.0
2 84 94812700.0
2 85 94810100.0
2 86 94809600.0
2 87 94813900.0
2 88 94811600.0
2 89 94811700.0
2 90 94809700.0
2 91 94812000.0
2 92 94813400.0
2 93 94811700.0
2 94 94812900.0
2 95 99999100.0
2 96 94807700.0
2 97 94807800.0
2 98 94813400.0
2 99 94809700.0
2 100 94812300.0
2 101 94809400.0
3 102 99998900.0
3 2 94813800.0
3 4 99998600.0
3 5 99998800.0
3 6 94812900.0
3 7 94811500.0
3 8 94813600.0
3 9 94811300.0
3 10 94809600.0
3 11 94812400.0
3 12 94811600.0
3 13 94811700.0
3 14 94813700.0
3 15 94813300.0
3 16 99998600.0
3 17 94812900.0
3 18 94811900.0
3 19 94813500.0
3 20 94813000.0
3 21 94809200.0
3 22 94812600.0
3 23 94809300.0
3 24 94809300.0
3 25 94811400.0
3 26 94813400.0
3 27 99998600.0
3 28 94813800.0
3 29 94814100.0
3 30 94812600.0
3 31 99998700.0
3 32 94810300.0
3 33 94813800.0
3 34 94811700.0
3 35 94813400.0
3 36 99998100.0
3 37 94812400.0
3 38 94812400.0
3 39 94812900.0
3 40 94814100.0
3 41 94811700.0
3 42 94813000.0
3 43 94811000.0
3 44 94812500.0
3 45 99998300.0
3 46 94813900.0
3 47 94811600.0
3 48 94811900.0
3 49 94811500.0
3 50 99999200.0
3 51 94811500.0
3 52 94811700.0
3 53 94813400.0
3 54 94810800.0
3 55 94812300.0
3 56 94813400.0
3 57 94810200.0
3 58 94811800.0
3 59 94811700.0
3 60 94810300.0
3 61 94811500.0
3 62 94810900.0
3 63 94812700.0
3 64 94810800.0
3 65 94811900.0
3 66 94813600.0
3 67 94811500.0
3 68 94811000.0
3 69 94812200.0
3 70 94811200.0
3 71 94808900.0
3 72 94811000.0
3 73 94811300.0
3 74 94809900.0
3 75 94813400.0
3 76 94810300.0
3 77 94813200.0
3 78 94813100.0
3 79 94812800.0
3 80 94811300.0
3 81 94814100.0
3 82 94814100.0
3 83 94813700.0
3 84 94811200.0
3 85 94811600.0
3 86 94811400.0
3 87 94811900.0
3 88 94813400.0
3 89 94811000.0
3 90 94810600.0
3 91 94813900.0
3 92 94812200.0
3 93 94811100.0
3 94 94813200.0
3 95 94813600.0
3 96 94809000.0
3 97 94809000.0
3 98 94813700.0
3 99 94811600.0
3 100 99998100.0
3 101 94811100.0
4 102 99999100.0
4 2 94812600.0
4 3 94814600.0
4 5 94814400.0
4 6 94812700.0
4 7 94810900.0
4 8 99998800.0
4 9 94812400.0
4 10 94810000.0
4 11 94811900.0
4 12 94811000.0
4 13 94812900.0
4 14 99999000.0
4 15 94812200.0
4 16 99999700.0
4 17 94814000.0
4 18 94812500.0
4 19 94812600.0
4 20 94812000.0
4 21 94810300.0
4 22 94812400.0
4 23 94809900.0
4 24 94810100.0
4 25 94812400.0
4 26 94812200.0
4 27 94813400.0
4 28 94814600.0
4 29 94813700.0
4 30 94813000.0
4 31 94813900.0
4 32 94810800.0
4 33 94814300.0
4 34 94813100.0
4 35 94812200.0
4 36 94813400.0
4 37 94811800.0
4 38 94813600.0
4 39 94811600.0
4 40 94812900.0
4 41 94810600.0
4 42 94812500.0
4 43 94811500.0
4 44 94811300.0
4 45 99999100.0
4 46 94812600.0
4 47 94812900.0
4 48 94812900.0
4 49 94812200.0
4 50 99998900.0
4 51 94812600.0
4 52 94811900.0
4 53 94812900.0
4 54 94812000.0
4 55 94811600.0
4 56 94812200.0
4 57 94811300.0
4 58 94810800.0
4 59 94812400.0
4 60 94811100.0
4 61 94810800.0
4 62 94812000.0
4 63 94813400.0
4 64 94811900.0
4 65 94812000.0
4 66 94812500.0
4 67 94812100.0
4 68 94811500.0
4 69 94810900.0
4 70 94812200.0
4 71 94809600.0
4 72 94811400.0
4 73 94810600.0
4 74 94810800.0
4 75 94812900.0
4 76 94811000.0
4 77 94814300.0
4 78 94812300.0
4 79 94813400.0
4 80 94811500.0
4 81 99999200.0
4 82 94813000.0
4 83 99998700.0
4 84 94810100.0
4 85 94812400.0
4 86 94812400.0
4 87 94810600.0
4 88 94814100.0
4 89 94810100.0
4 90 94810800.0
4 91 99998800.0
4 92 94811000.0
4 93 94810300.0
4 94 94812700.0
4 95 94812400.0
4 96 94809600.0
4 97 94809600.0
4 98 94813100.0
4 99 94812800.0
4 100 99999100.0
4 101 94812000.0
5 102 99999200.0
5 2 94813400.0
5 3 99998800.0
5 4 99998300.0
5 6 94814000.0
5 7 94812400.0
5 8 94813600.0
5 9 94811000.0
5 10 94810600.0
5 11 94813400.0
5 12 94812500.0
5 13 94811400.0
5 14 94813800.0
5 15 94813600.0
5 16 99998500.0
5 17 94813400.0
5 18 94811100.0
5 19 94812400.0
5 20 94813500.0
5 21 94808900.0
5 22 94811500.0
5 23 94810300.0
5 24 94810300.0
5 25 94812100.0
5 26 94812700.0
5 27 99998500.0
5 28 94813100.0
5 29 94813100.0
5 30 94813600.0
5 31 94813700.0
5 32 94811300.0
5 33 94812900.0
5 34 94811900.0
5 35 94813300.0
5 36 94813100.0
5 37 94813300.0
5 38 94812600.0
5 39 94812100.0
5 40 94814100.0
5 41 94811900.0
5 42 94811900.0
5 43 94812100.0
5 44 94811700.0
5 45 94813700.0
5 46 94813300.0
5 47 94811500.0
5 48 94812500.0
5 49 94812500.0
5 50 99999400.0
5 51 94812100.0
5 52 94812900.0
5 53 99998300.0
5 54 94810600.0
5 55 94811300.0
5 56 94813400.0
5 57 94810900.0
5 58 94812200.0
5 59 94810900.0
5 60 94811200.0
5 61 94812300.0
5 62 94811500.0
5 63 94812000.0
5 64 94811500.0
5 65 94813000.0
5 66 94812700.0
5 67 94812400.0
5 68 94812000.0
5 69 94812000.0
5 70 94810800.0
5 71 94809900.0
5 72 94812100.0
5 73 94812000.0
5 74 94810800.0
5 75 94812300.0
5 76 94811200.0
5 77 94812900.0
5 78 94813800.0
5 79 94813700.0
5 80 94812400.0
5 81 94813700.0
5 82 94813200.0
5 83 94814100.0
5 84 94811500.0
5 85 94812500.0
5 86 94810900.0
5 87 94811700.0
5 88 94814100.0
5 89 94809900.0
5 90 94811700.0
5 91 99998300.0
5 92 94811300.0
5 93 94810100.0
5 94 94812100.0
5 95 94813500.0
5 96 94810000.0
5 97 94810100.0
5 98 99998500.0
5 99 94812200.0
5 100 99998600.0
5 101 94812000.0
6 102 99997300.0
6 2 94812200.0
6 3 94812900.0
6 4 94812700.0
6 5 99997900.0
6 7 99997900.0
6 8 94812400.0
6 9 94809700.0
6 10 94812200.0
6 11 99999000.0
6 12 99997900.0
6 13 94809900.0
6 14 94812600.0
6 15 94813400.0
6 16 94812900.0
6 17 94812700.0
6 18 94809300.0
6 19 94810600.0
6 20 94813800.0
6 21 94807700.0
6 22 94809600.0
6 23 94811500.0
6 24 94811300.0
6 25 94812400.0
6 26 94811200.0
6 27 94813300.0
6 28 94811400.0
6 29 94811100.0
6 30 99998600.0
6 31 94811700.0
6 32 94812800.0
6 33 94811100.0
6 34 94811000.0
6 35 94812400.0
6 36 94811200.0
6 37 99998500.0
6 38 94811700.0
6 39 94810800.0
6 40 94813100.0
6 41 94811800.0
6 42 94810000.0
6 43 94813400.0
6 44 94810300.0
6 45 94811900.0
6 46 94812000.0
6 47 94810300.0
6 48 94812500.0
6 49 94813400.0
6 50 94813400.0
6 51 94812000.0
6 52 99998600.0
6 53 99999100.0
6 54 94809400.0
6 55 94809400.0
6 56 94812600.0
6 57 94811300.0
6 58 94812600.0
6 59 94809200.0
6 60 94812000.0
6 61 94813600.0
6 62 94811600.0
6 63 94810100.0
6 64 94811500.0
6 65 99998700.0
6 66 94811100.0
6 67 94813400.0
6 68 94813100.0
6 69 94811400.0
6 70 94809200.0
6 71 94811200.0
6 72 94813600.0
6 73 94813400.0
6 74 94811600.0
6 75 94810300.0
6 76 94812200.0
6 77 94811300.0
6 78 99998000.0
6 79 99997900.0
6 80 99997900.0
6 81 94812000.0
6 82 94811500.0
6 83 94813100.0
6 84 94812000.0
6 85 94813200.0
6 86 94809400.0
6 87 94811300.0
6 88 94813600.0
6 89 94808200.0
6 90 94813500.0
6 91 94813400.0
6 92 94809700.0
6 93 94808300.0
6 94 94810200.0
6 95 94812700.0
6 96 94811300.0
6 97 94811400.0
6 98 99998600.0
6 99 94812000.0
6 100 94813400.0
6 101 94812600.0
7 102 99995600.0
7 2 94811500.0
7 3 94811500.0
7 4 94810900.0
7 5 94812400.0
7 6 99997900.0
7 8 94810600.0
7 9 94807800.0
7 10 94811700.0
7 11 99998900.0
7 12 99999600.0
7 13 94808000.0
7 14 94810800.0
7 15 94813200.0
7 16 94811100.0
7 17 94810900.0
7 18 94807600.0
7 19 94809600.0
7 20 99997800.0
7 21 94805800.0
7 22 94808200.0
7 23 94810700.0
7 24 94810200.0
7 25 94810700.0
7 26 94810600.0
7 27 94812300.0
7 28 94809600.0
7 29 94809700.0
7 30 94812900.0
7 31 94810400.0
7 32 94812100.0
7 33 94809400.0
7 34 94809200.0
7 35 94812100.0
7 36 94810000.0
7 37 99998900.0
7 38 94809900.0
7 39 94810200.0
7 40 94812400.0
7 41 94812400.0
7 42 94808700.0
7 43 94812400.0
7 44 94809800.0
7 45 94810200.0
7 46 94811200.0
7 47 94808500.0
7 48 94810700.0
7 49 94812000.0
7 50 94811800.0
7 51 94810300.0
7 52 94813700.0
7 53 99997900.0
7 54 94807500.0
7 55 94808300.0
7 56 94812200.0
7 57 94809800.0
7 58 94813400.0
7 59 94807400.0
7 60 94810700.0
7 61 99999100.0
7 62 94809900.0
7 63 94808400.0
7 64 94809900.0
7 65 99997700.0
7 66 94810300.0
7 67 94812100.0
7 68 94811800.0
7 69 94811500.0
7 70 94807300.0
7 71 94810400.0
7 72 94812800.0
7 73 99999100.0
7 74 94810300.0
7 75 94809100.0
7 76 94811000.0
7 77 94809400.0
7 78 99997800.0
7 79 94812200.0
7 80 94813200.0
7 81 94810300.0
7 82 94810500.0
7 83 94811200.0
7 84 94812900.0
7 85 94811700.0
7 86 94807500.0
7 87 94811500.0
7 88 94811700.0
7 89 94807300.0
7 90 94813100.0
7 91 94811500.0
7 92 94809100.0
7 93 94807400.0
7 94 94808900.0
7 95 94812300.0
7 96 94810600.0
7 97 94810700.0
7 98 94813600.0
7 99 94810200.0
7 100 94811500.0
7 101 94811100.0
8 102 99998300.0
8 2 94811500.0
8 3 94813600.0
8 4 99998800.0
8 5 94813600.0
8 6 94812400.0
8 7 94810600.0
8 9 94813200.0
8 10 94810500.0
8 11 94811500.0
8 12 94810600.0
8 13 94813400.0
8 14 99999700.0
8 15 94811400.0
8 16 99998800.0
8 17 99998900.0
8 18 94812400.0
8 19 94811500.0
8 20 94811300.0
8 21 94811000.0
8 22 94811600.0
8 23 94810600.0
8 24 94810900.0
8 25 94813300.0
8 26 94811000.0
8 27 94812400.0
8 28 94814300.0
8 29 94812800.0
8 30 94813100.0
8 31 94812900.0
8 32 94811200.0
8 33 94813700.0
8 34 94814100.0
8 35 94811200.0
8 36 94812400.0
8 37 94811300.0
8 38 99998700.0
8 39 94810600.0
8 40 94812000.0
8 41 94809600.0
8 42 94811600.0
8 43 94812000.0
8 44 94810200.0
8 45 94814300.0
8 46 94811500.0
8 47 94813700.0
8 48 94813800.0
8 49 94812700.0
8 50 94814000.0
8 51 94813600.0
8 52 94812000.0
8 53 94812400.0
8 54 94812700.0
8 55 94810700.0
8 56 94811200.0
8 57 94812200.0
8 58 94810000.0
8 59 94812400.0
8 60 94812000.0
8 61 94810300.0
8 62 94813000.0
8 63 94813100.0
8 64 94812900.0
8 65 94812000.0
8 66 94811400.0
8 67 94812600.0
8 68 94812200.0
8 69 94809900.0
8 70 94812700.0
8 71 94810300.0
8 72 94811700.0
8 73 94810100.0
8 74 94811700.0
8 75 94812000.0
8 76 94811700.0
8 77 99998500.0
8 78 94811600.0
8 79 94813800.0
8 80 94811700.0
8 81 99998800.0
8 82 94812000.0
8 83 99999200.0
8 84 94809300.0
8 85 94812900.0
8 86 94812900.0
8 87 94809600.0
8 88 99998500.0
8 89 94809200.0
8 90 94811000.0
8 91 99999000.0
8 92 94810000.0
8 93 94809300.0
8 94 94811700.0
8 95 94811400.0
8 96 94810300.0
8 97 94810300.0
8 98 94812400.0
8 99 94813800.0
8 100 99999000.0
8 101 94812700.0
9 102 99995600.0
9 2 94809300.0
9 3 94811300.0
9 4 94812400.0
9 5 94811000.0
9 6 94809700.0
9 7 94807800.0
9 8 94813200.0
9 10 94808500.0
9 11 94808800.0
9 12 94807800.0
9 13 99999200.0
9 14 94813000.0
9 15 94808800.0
9 16 94812400.0
9 17 94812700.0
9 18 94813200.0
9 19 94810100.0
9 20 94808700.0
9 21 99997700.0
9 22 94811200.0
9 23 94809000.0
9 24 94809600.0
9 25 94811800.0
9 26 94809200.0
9 27 94810000.0
9 28 94813200.0
9 29 94811500.0
9 30 94810600.0
9 31 94811200.0
9 32 94809200.0
9 33 94812900.0
9 34 99998200.0
9 35 94808800.0
9 36 94810900.0
9 37 94808600.0
9 38 99997700.0
9 39 94808700.0
9 40 94809500.0
9 41 94807100.0
9 42 94810700.0
9 43 94809900.0
9 44 94808500.0
9 45 94812700.0
9 46 94809400.0
9 47 99999200.0
9 48 94812200.0
9 49 94810600.0
9 50 94811500.0
9 51 94812400.0
9 52 94809400.0
9 53 94809600.0
9 54 99999400.0
9 55 94809800.0
9 56 94808800.0
9 57 94811300.0
9 58 94807300.0
9 59 99997400.0
9 60 94810500.0
9 61 94807500.0
9 62 94812100.0
9 63 94813400.0
9 64 94812100.0
9 65 94809500.0
9 66 94809600.0
9 67 94810500.0
9 68 94810100.0
9 69 94807500.0
9 70 99998800.0
9 71 94808800.0
9 72 94809400.0
9 73 94807300.0
9 74 94810300.0
9 75 94811000.0
9 76 94810100.0
9 77 99997900.0
9 78 94808900.0
9 79 94811400.0
9 80 94809400.0
9 81 94813100.0
9 82 94810100.0
9 83 94812600.0
9 84 94806700.0
9 85 94811000.0
9 86 99998900.0
9 87 94807300.0
9 88 94812000.0
9 89 94808400.0
9 90 94808700.0
9 91 94812200.0
9 92 94808500.0
9 93 94808500.0
9 94 94810700.0
9 95 94808900.0
9 96 94808700.0
9 97 94808700.0
9 98 94809700.0
9 99 94812700.0
9 100 94812200.0
9 101 94811000.0
10 102 99994200.0
10 2 94808500.0
10 3 94809600.0
10 4 94810000.0
10 5 94810600.0
10 6 94812200.0
10 7 94811700.0
10 8 94810500.0
10 9 94808500.0
10 11 94811800.0
10 12 94811400.0
10 13 94808300.0
10 14 94810600.0
10 15 94809700.0
10 16 94810200.0
10 17 94811500.0
10 18 94807000.0
10 19 94807100.0
10 20 94810200.0
10 21 94806800.0
10 22 94806500.0
10 23 99998700.0
10 24 94814100.0
10 25 94812700.0
10 26 94807500.0
10 27 94809600.0
10 28 94808900.0
10 29 94808000.0
10 30 94812900.0
10 31 94808500.0
10 32 99999200.0
10 33 94808400.0
10 34 94810200.0
10 35 94808700.0
10 36 94807800.0
10 37 94811300.0
10 38 94810600.0
10 39 94807100.0
10 40 94809400.0
10 41 94808300.0
10 42 94806700.0
10 43 99998300.0
10 44 94806600.0
10 45 94809200.0
10 46 94808200.0
10 47 94809300.0
10 48 94812200.0
10 49 94813700.0
10 50 94810300.0
10 51 94812100.0
10 52 94813400.0
10 53 94811400.0
10 54 94808300.0
10 55 94806000.0
10 56 94808800.0
10 57 94812600.0
10 58 94809300.0
10 59 94807000.0
10 60 94813800.0
10 61 94810800.0
10 62 94812200.0
10 63 94807800.0
10 64 94812200.0
10 65 94813400.0
10 66 94807500.0
10 67 94813800.0
10 68 99998200.0
10 69 94807800.0
10 70 94807600.0
10 71 99998600.0
10 72 99998300.0
10 73 94810900.0
10 74 94813600.0
10 75 94807100.0
10 76 99998200.0
10 77 94809200.0
10 78 94810400.0
10 79 94812500.0
10 80 94814100.0
10 81 94809500.0
10 82 94807900.0
10 83 94811000.0
10 84 94808700.0
10 85 94813400.0
10 86 94807800.0
10 87 94807600.0
10 88 94811700.0
10 89 94804600.0
10 90 99998300.0
10 91 94811100.0
10 92 94806100.0
10 93 94804700.0
10 94 94806800.0
10 95 94809000.0
10 96 99998700.0
10 97 99998900.0
10 98 94810900.0
10 99 94811800.0
10 100 94810800.0
10 101 94813400.0
11 102 99996600.0
11 2 94812200.0
11 3 94812400.0
11 4 94811900.0
11 5 94813400.0
11 6 99999000.0
11 7 99998900.0
11 8 94811500.0
11 9 94808800.0
11 10 94811800.0
11 12 99999000.0
11 13 94809000.0
11 14 94811700.0
11 15 94813700.0
11 16 94812100.0
11 17 94811800.0
11 18 94808500.0
11 19 94810300.0
11 20 99998200.0
11 21 94806700.0
11 22 94809000.0
11 23 94811000.0
11 24 94810600.0
11 25 94811400.0
11 26 94811200.0
11 27 94813100.0
11 28 94810600.0
11 29 94810600.0
11 30 94813700.0
11 31 94811300.0
11 32 94812400.0
11 33 94810300.0
11 34 94810100.0
11 35 94812700.0
11 36 94810800.0
11 37 99999400.0
11 38 94810800.0
11 39 94810800.0
11 40 94813100.0
11 41 94812400.0
11 42 94809600.0
11 43 94812800.0
11 44 94810300.0
11 45 94811200.0
11 46 94811900.0
11 47 94809400.0
11 48 94811500.0
11 49 94812700.0
11 50 94812800.0
11 51 94811100.0
11 52 94814200.0
11 53 99998900.0
11 54 94808400.0
11 55 94809100.0
11 56 94812700.0
11 57 94810400.0
11 58 94813400.0
11 59 94808400.0
11 60 94811300.0
11 61 99998500.0
11 62 94810700.0
11 63 94809400.0
11 64 94810600.0
11 65 99998200.0
11 66 94811000.0
11 67 94812700.0
11 68 94812400.0
11 69 94811800.0
11 70 94808300.0
11 71 94810700.0
11 72 94813100.0
11 73 99998300.0
11 74 94810900.0
11 75 94809900.0
11 76 94811500.0
11 77 94810400.0
11 78 99998300.0
11 79 94813000.0
11 80 94813600.0
11 81 94811200.0
11 82 94811300.0
11 83 94812200.0
11 84 94812700.0
11 85 94812400.0
11 86 94808500.0
11 87 94811700.0
11 88 94812700.0
11 89 94808000.0
11 90 94813300.0
11 91 94812400.0
11 92 94809600.0
11 93 94808100.0
11 94 94809800.0
11 95 94812900.0
11 96 94810800.0
11 97 94810900.0
11 98 99998500.0
11 99 94811000.0
11 100 94812400.0
11 101 94811800.0
12 102 99995600.0
12 2 94811800.0
12 3 94811600.0
12 4 94811000.0
12 5 94812500.0
12 6 99997900.0
12 7 99999600.0
12 8 94810600.0
12 9 94807800.0
12 10 94811400.0
12 11 99999000.0
12 13 94808100.0
12 14 94810800.0
12 15 94813500.0
12 16 94811200.0
12 17 94810800.0
12 18 94807700.0
12 19 94809800.0
12 20 99998100.0
12 21 94805700.0
12 22 94808400.0
12 23 94810400.0
12 24 94810000.0
12 25 94810600.0
12 26 94810800.0
12 27 94812500.0
12 28 94809800.0
12 29 94809900.0
12 30 94812700.0
12 31 94810600.0
12 32 94811800.0
12 33 94809500.0
12 34 94809100.0
12 35 94812400.0
12 36 94810100.0
12 37 99999100.0
12 38 94809800.0
12 39 94810500.0
12 40 94812700.0
12 41 94812700.0
12 42 94808900.0
12 43 94812100.0
12 44 94810100.0
12 45 94810300.0
12 46 94811500.0
12 47 94808500.0
12 48 94810600.0
12 49 94811900.0
12 50 94812000.0
12 51 94810200.0
12 52 94813500.0
12 53 99998000.0
12 54 94807500.0
12 55 94808500.0
12 56 94812500.0
12 57 94809600.0
12 58 99997700.0
12 59 94807500.0
12 60 94810500.0
12 61 99999400.0
12 62 94809800.0
12 63 94808500.0
12 64 94809700.0
12 65 94813600.0
12 66 94810500.0
12 67 94811900.0
12 68 94811600.0
12 69 94811900.0
12 70 94807400.0
12 71 94810100.0
12 72 94812500.0
12 73 99999300.0
12 74 94810100.0
12 75 94809200.0
12 76 94810800.0
12 77 94809500.0
12 78 99998100.0
12 79 94812100.0
12 80 94813000.0
12 81 94810300.0
12 82 94810700.0
12 83 94811200.0
12 84 94813300.0
12 85 94811500.0
12 86 94807600.0
12 87 94811800.0
12 88 94811700.0
12 89 94807500.0
12 90 94812900.0
12 91 94811500.0
12 92 94809400.0
12 93 94807700.0
12 94 94809200.0
12 95 94812600.0
12 96 94810300.0
12 97 94810400.0
12 98 99997700.0
12 99 94810100.0
12 100 94811500.0
12 101 94811000.0
13 102 99995900.0
13 2 94809900.0
13 3 94811700.0
13 4 94812900.0
13 5 94811400.0
13 6 94809900.0
13 7 94808000.0
13 8 94813400.0
13 9 99999200.0
13 10 94808300.0
13 11 94809000.0
13 12 94808100.0
13 14 94813200.0
13 15 94809200.0
13 16 94812700.0
13 17 94812700.0
13 18 99997900.0
13 19 94810800.0
13 20 94809000.0
13 21 94813400.0
13 22 94812000.0
13 23 94808700.0
13 24 94809200.0
13 25 94811500.0
13 26 94809800.0
13 27 94810500.0
13 28 94813800.0
13 29 94812200.0
13 30 94810700.0
13 31 94811800.0
13 32 94809000.0
13 33 94813600.0
13 34 99997900.0
13 35 94809300.0
13 36 94811600.0
13 37 94808800.0
13 38 94813600.0
13 39 94809300.0
13 40 94809900.0
13 41 94807600.0
13 42 94811500.0
13 43 94809700.0
13 44 94809200.0
13 45 94813300.0
13 46 94810000.0
13 47 99998700.0
13 48 94812000.0
13 49 94810500.0
13 50 94811900.0
13 51 94812000.0
13 52 94809400.0
13 53 94809900.0
13 54 99998700.0
13 55 94810600.0
13 56 94809300.0
13 57 94810900.0
13 58 94807800.0
13 59 99998100.0
13 60 94810200.0
13 61 94807800.0
13 62 94811700.0
13 63 99998100.0
13 64 94811700.0
13 65 94809500.0
13 66 94810300.0
13 67 94810300.0
13 68 94810000.0
13 69 94808100.0
13 70 99999200.0
13 71 94808500.0
13 72 94809400.0
13 73 94807500.0
13 74 94810000.0
13 75 94811700.0
13 76 94809800.0
13 77 99998300.0
13 78 94809200.0
13 79 94811400.0
13 80 94809300.0
13 81 94813500.0
13 82 94810800.0
13 83 94812700.0
13 84 94807100.0
13 85 94810800.0
13 86 99999400.0
13 87 94807800.0
13 88 94812000.0
13 89 94809100.0
13 90 94808600.0
13 91 94812400.0
13 92 94809200.0
13 93 94809200.0
13 94 94811500.0
13 95 94809400.0
13 96 94808500.0
13 97 94808400.0
13 98 94810100.0
13 99 94812300.0
13 100 94812500.0
13 101 94810800.0
14 102 99998500.0
14 2 94811700.0
14 3 94813700.0
14 4 99999000.0
14 5 94813800.0
14 6 94812600.0
14 7 94810800.0
14 8 99999700.0
14 9 94813000.0
14 10 94810600.0
14 11 94811700.0
14 12 94810800.0
14 13 94813200.0
14 15 94811600.0
14 16 99999000.0
14 17 99998800.0
14 18 94812300.0
14 19 94811700.0
14 20 94811500.0
14 21 94810900.0
14 22 94811700.0
14 23 94810600.0
14 24 94810800.0
14 25 94813200.0
14 26 94811300.0
14 27 94812700.0
14 28 94814300.0
14 29 94812900.0
14 30 94813300.0
14 31 94813000.0
14 32 94811300.0
14 33 94813700.0
14 34 94813900.0
14 35 94811400.0
14 36 94812500.0
14 37 94811500.0
14 38 99998500.0
14 39 94810700.0
14 40 94812200.0
14 41 94809900.0
14 42 94811700.0
14 43 94812000.0
14 44 94810400.0
14 45 94814400.0
14 46 94811700.0
14 47 94813500.0
14 48 94813800.0
14 49 94812700.0
14 50 94814200.0
14 51 94813400.0
14 52 94812100.0
14 53 94812500.0
14 54 94812600.0
14 55 94810800.0
14 56 94811400.0
14 57 94812100.0
14 58 94810200.0
14 59 94812200.0
14 60 94811900.0
14 61 94810500.0
14 62 94812900.0
14 63 94813100.0
14 64 94812800.0
14 65 94812200.0
14 66 94811500.0
14 67 94812700.0
14 68 94812200.0
14 69 94810100.0
14 70 94812500.0
14 71 94810300.0
14 72 94811700.0
14 73 94810200.0
14 74 94811600.0
14 75 94812100.0
14 76 94811700.0
14 77 94814500.0
14 78 94811700.0
14 79 94813900.0
14 80 94811800.0
14 81 99998900.0
14 82 94812100.0
14 83 99999400.0
14 84 94809500.0
14 85 94813000.0
14 86 94812700.0
14 87 94809900.0
14 88 99998600.0
14 89 94809300.0
14 90 94811000.0
14 91 99999100.0
14 92 94810100.0
14 93 94809400.0
14 94 94811800.0
14 95 94811600.0
14 96 94810300.0
14 97 94810300.0
14 98 94812700.0
14 99 94813700.0
14 100 99999100.0
14 101 94812700.0
15 102 99996800.0
15 2 99998100.0
15 3 94813300.0
15 4 94812200.0
15 5 94813600.0
15 6 94813400.0
15 7 94813200.0
15 8 94811400.0
15 9 94808800.0
15 10 94809700.0
15 11 94813700.0
15 12 94813500.0
15 13 94809200.0
15 14 94811600.0
15 16 94812400.0
15 17 94811100.0
15 18 94809400.0
15 19 94812100.0
15 20 99999300.0
15 21 94806700.0
15 22 94810500.0
15 23 94809000.0
15 24 94808800.0
15 25 94810100.0
15 26 94813200.0
15 27 99998500.0
15 28 94811200.0
15 29 94811900.0
15 30 94812200.0
15 31 94812700.0
15 32 94810300.0
15 33 94811200.0
15 34 94809600.0
15 35 99998800.0
15 36 94812300.0
15 37 99998100.0
15 38 94810300.0
15 39 94812900.0
15 40 99999000.0
15 41 94814100.0
15 42 94811200.0
15 43 94810900.0
15 44 94812400.0
15 45 94811700.0
15 46 94813800.0
15 47 94809200.0
15 48 94810500.0
15 49 94811000.0
15 50 94813300.0
15 51 94810000.0
15 52 94812200.0
15 53 99998100.0
15 54 94808300.0
15 55 94810900.0
15 56 99998900.0
15 57 94809000.0
15 58 99998300.0
15 59 94809100.0
15 60 94809600.0
15 61 94813700.0
15 62 94809500.0
15 63 94810100.0
15 64 94809400.0
15 65 94812300.0
15 66 94812900.0
15 67 94811000.0
15 68 94810600.0
15 69 94813900.0
15 70 94808700.0
15 71 94808700.0
15 72 94811100.0
15 73 94813400.0
15 74 94809200.0
15 75 94811400.0
15 76 94809800.0
15 77 94810700.0
15 78 99999200.0
15 79 94811900.0
15 80 94811500.0
15 81 94811600.0
15 82 94813000.0
15 83 94811800.0
15 84 94813800.0
15 85 94810900.0
15 86 94808800.0
15 87 94813800.0
15 88 94812000.0
15 89 94809900.0
15 90 94811100.0
15 91 94812200.0
15 92 94811700.0
15 93 94810100.0
15 94 94811300.0
15 95 99999000.0
15 96 94808900.0
15 97 94808900.0
15 98 99998500.0
15 99 94810100.0
15 100 94812300.0
15 101 94810300.0
16 102 99999200.0
16 2 94812600.0
16 3 94814600.0
16 4 99999700.0
16 5 94814500.0
16 6 94812900.0
16 7 94811100.0
16 8 99998800.0
16 9 94812400.0
16 10 94810200.0
16 11 94812100.0
16 12 94811200.0
16 13 94812700.0
16 14 99999000.0
16 15 94812400.0
16 17 94814100.0
16 18 94812400.0
16 19 94812500.0
16 20 94812200.0
16 21 94810300.0
16 22 94812200.0
16 23 94810100.0
16 24 94810300.0
16 25 94812400.0
16 26 94812200.0
16 27 94813500.0
16 28 94814500.0
16 29 94813600.0
16 30 94813100.0
16 31 94813800.0
16 32 94810900.0
16 33 94814100.0
16 34 94813000.0
16 35 94812200.0
16 36 94813400.0
16 37 94812000.0
16 38 94813600.0
16 39 94811600.0
16 40 94813000.0
16 41 94810600.0
16 42 94812400.0
16 43 94811700.0
16 44 94811300.0
16 45 99998900.0
16 46 94812700.0
16 47 94812800.0
16 48 94813000.0
16 49 94812300.0
16 50 99999000.0
16 51 94812700.0
16 52 94812000.0
16 53 94813000.0
16 54 94811900.0
16 55 94811500.0
16 56 94812300.0
16 57 94811300.0
16 58 94810900.0
16 59 94812200.0
16 60 94811300.0
16 61 94811000.0
16 62 94812100.0
16 63 94813100.0
16 64 94812000.0
16 65 94812200.0
16 66 94812400.0
16 67 94812200.0
16 68 94811700.0
16 69 94810900.0
16 70 94812100.0
16 71 94809800.0
16 72 94811500.0
16 73 94810700.0
16 74 94810900.0
16 75 94812700.0
16 76 94811100.0
16 77 94814200.0
16 78 94812400.0
16 79 94813600.0
16 80 94811700.0
16 81 99999000.0
16 82 94813000.0
16 83 99998800.0
16 84 94810200.0
16 85 94812500.0
16 86 94812300.0
16 87 94810700.0
16 88 94814300.0
16 89 94810100.0
16 90 94811000.0
16 91 99999000.0
16 92 94811000.0
16 93 94810200.0
16 94 94812500.0
16 95 94812400.0
16 96 94809800.0
16 97 94809800.0
16 98 94813200.0
16 99 94812900.0
16 100 99999200.0
16 101 94812000.0
17 102 99997700.0
17 2 94810900.0
17 3 94812900.0
17 4 94814000.0
17 5 94813400.0
17 6 94812700.0
17 7 94810900.0
17 8 99998900.0
17 9 94812700.0
17 10 94811500.0
17 11 94811800.0
17 12 94810800.0
17 13 94812700.0
17 14 99998800.0
17 15 94811100.0
17 16 94814100.0
17 18 94811400.0
17 19 94810600.0
17 20 94811200.0
17 21 94810800.0
17 22 94810600.0
17 23 94811600.0
17 24 94812000.0
17 25 94814300.0
17 26 94810300.0
17 27 94812000.0
17 28 94813200.0
17 29 94811800.0
17 30 94813800.0
17 31 94812000.0
17 32 94812200.0
17 33 94812700.0
17 34 94814200.0
17 35 94810700.0
17 36 94811500.0
17 37 94811500.0
17 38 99998800.0
17 39 94809800.0
17 40 94811500.0
17 41 94809400.0
17 42 94810600.0
17 43 94812900.0
17 44 94809400.0
17 45 94813400.0
17 46 94810900.0
17 47 94813400.0
17 48 99998900.0
17 49 94813600.0
17 50 94813400.0
17 51 99998500.0
17 52 94812600.0
17 53 94812400.0
17 54 94812400.0
17 55 94809700.0
17 56 94810800.0
17 57 94813100.0
17 58 94809900.0
17 59 94811400.0
17 60 94813000.0
17 61 94810400.0
17 62 94813900.0
17 63 94812200.0
17 64 94813800.0
17 65 94812700.0
17 66 94810600.0
17 67 94813500.0
17 68 94813100.0
17 69 94809400.0
17 70 94812000.0
17 71 94811300.0
17 72 94812500.0
17 73 94810300.0
17 74 94812700.0
17 75 94811000.0
17 76 94812700.0
17 77 94813600.0
17 78 94811500.0
17 79 99998500.0
17 80 94812500.0
17 81 94813800.0
17 82 94811100.0
17 83 99999100.0
17 84 94809200.0
17 85 94813900.0
17 86 94812200.0
17 87 94809200.0
17 88 99999000.0
17 89 94808200.0
17 90 94811700.0
17 91 99998800.0
17 92 94809200.0
17 93 94808300.0
17 94 94810700.0
17 95 94811000.0
17 96 94811300.0
17 97 94811300.0
17 98 94812400.0
17 99 99998600.0
17 100 99998500.0
17 101 94813700.0
18 102 99995600.0
18 2 94810400.0
18 3 94811900.0
18 4 94812500.0
18 5 94811100.0
18 6 94809300.0
18 7 94807600.0
18 8 94812400.0
18 9 94813200.0
18 10 94807000.0
18 11 94808500.0
18 12 94807700.0
18 13 99997900.0
18 14 94812300.0
18 15 94809400.0
18 16 94812400.0
18 17 94811400.0
18 19 94812000.0
18 20 94809000.0
18 21 94812100.0
18 22 99997600.0
18 23 94807200.0
18 24 94807500.0
18 25 94810000.0
18 26 94810700.0
18 27 94810700.0
18 28 99997700.0
18 29 94813100.0
18 30 94809700.0
18 31 94812500.0
18 32 94807700.0
18 33 99998000.0
18 34 94812100.0
18 35 94809800.0
18 36 94812600.0
18 37 94808500.0
18 38 94812000.0
18 39 94810300.0
18 40 94810200.0
18 41 94808000.0
18 42 94812900.0
18 43 94808500.0
18 44 94810300.0
18 45 99997200.0
18 46 94810700.0
18 47 94812800.0
18 48 94810600.0
18 49 94809200.0
18 50 94811700.0
18 51 94810400.0
18 52 94808500.0
18 53 94809500.0
18 54 94812900.0
18 55 94812100.0
18 56 94809700.0
18 57 94809200.0
18 58 94807900.0
18 59 99999500.0
18 60 94808600.0
18 61 94807500.0
18 62 94810000.0
18 63 99999100.0
18 64 94809900.0
18 65 94808600.0
18 66 94811300.0
18 67 94809100.0
18 68 94808600.0
18 69 94808700.0
18 70 99998100.0
18 71 94806900.0
18 72 94808200.0
18 73 94807300.0
18 74 94808300.0
18 75 94813100.0
18 76 94808200.0
18 77 99997700.0
18 78 94809200.0
18 79 94810300.0
18 80 94808200.0
18 81 94813100.0
18 82 94811700.0
18 83 94811700.0
18 84 94807300.0
18 85 94809400.0
18 86 99998100.0
18 87 94808500.0
18 88 94811000.0
18 89 94810800.0
18 90 94807500.0
18 91 94811600.0
18 92 94810500.0
18 93 94810900.0
18 94 94812900.0
18 95 94809900.0
18 96 94806900.0
18 97 94806800.0
18 98 94809800.0
18 99 94810700.0
18 100 94811800.0
18 101 94809200.0
19 102 99996400.0
19 2 94813700.0
19 3 94813500.0
19 4 94812600.0
19 5 94812400.0
19 6 94810600.0
19 7 94809600.0
19 8 94811500.0
19 9 94810100.0
19 10 94807100.0
19 11 94810300.0
19 12 94809800.0
19 13 94810800.0
19 14 94811700.0
19 15 94812100.0
19 16 94812500.0
19 17 94810600.0
19 18 94812000.0
19 20 94811500.0
19 21 94808400.0
19 22 94814000.0
19 23 94806800.0
19 24 94806900.0
19 25 94809100.0
19 26 99998400.0
19 27 94813100.0
19 28 94812700.0
19 29 99998500.0
19 30 94810200.0
19 31 99998500.0
19 32 94807800.0
19 33 94813100.0
19 34 94810000.0
19 35 94812900.0
19 36 99999000.0
19 37 94810600.0
19 38 94810400.0
19 39 94814200.0
19 40 94813000.0
19 41 94811400.0
19 42 99998800.0
19 43 94808700.0
19 44 94814100.0
19 45 94813000.0
19 46 94814100.0
19 47 94810200.0
19 48 94809600.0
19 49 94809100.0
19 50 94812700.0
19 51 94809200.0
19 52 94809400.0
19 53 94811300.0
19 54 94809600.0
19 55 99998600.0
19 56 94812900.0
19 57 94807900.0
19 58 94810800.0
19 59 94811700.0
19 60 94807900.0
19 61 94809900.0
19 62 94808700.0
19 63 94812400.0
19 64 94808600.0
19 65 94809500.0
19 66 99999000.0
19 67 94809000.0
19 68 94808500.0
19 69 94812300.0
19 70 94810600.0
19 71 94806500.0
19 72 94808600.0
19 73 94809600.0
19 74 94807500.0
19 75 99998900.0
19 76 94807800.0
19 77 94812000.0
19 78 94811600.0
19 79 94810300.0
19 80 94808900.0
19 81 94812500.0
19 82 99999000.0
19 83 94811400.0
19 84 94810500.0
19 85 94809200.0
19 86 94810700.0
19 87 94812000.0
19 88 94811000.0
19 89 94813400.0
19 90 94808200.0
19 91 94811500.0
19 92 94814300.0
19 93 94813500.0
19 94 99999000.0
19 95 94812900.0
19 96 94806600.0
19 97 94806600.0
19 98 94811700.0
19 99 94809400.0
19 100 94811900.0
19 101 94808700.0
20 102 99996700.0
20 2 94813600.0
20 3 94813000.0
20 4 94812000.0
20 5 94813500.0
20 6 94813800.0
20 7 94813800.0
20 8 94811300.0
20 9 94808700.0
20 10 94810200.0
20 11 99998200.0
20 12 94814100.0
20 13 94809000.0
20 14 94811500.0
20 15 99999300.0
20 16 94812200.0
20 17 94811200.0
20 18 94809000.0
20 19 94811500.0
20 21 94806500.0
20 22 94810000.0
20 23 94809400.0
20 24 94809200.0
20 25 94810300.0
20 26 94812600.0
20 27 94814100.0
20 28 94810900.0
20 29 94811500.0
20 30 94812500.0
20 31 94812200.0
20 32 94810800.0
20 33 94810800.0
20 34 94809600.0
20 35 94814200.0
20 36 94811800.0
20 37 99998700.0
20 38 94810300.0
20 39 94812300.0
20 40 99998400.0
20 41 94813900.0
20 42 94810600.0
20 43 94811300.0
20 44 94811800.0
20 45 94811500.0
20 46 94813300.0
20 47 94809100.0
20 48 94810600.0
20 49 94811300.0
20 50 94813100.0
20 51 94810200.0
20 52 94812700.0
20 53 99998500.0
20 54 94808200.0
20 55 94810300.0
20 56 99998300.0
20 57 94809200.0
20 58 99998500.0
20 59 94808700.0
20 60 94809900.0
20 61 99998200.0
20 62 94809700.0
20 63 94809800.0
20 64 94809600.0
20 65 94812700.0
20 66 94812200.0
20 67 94811300.0
20 68 94811000.0
20 69 94813400.0
20 70 94808400.0
20 71 94809200.0
20 72 94811600.0
20 73 94814000.0
20 74 94809500.0
20 75 94810900.0
20 76 94810100.0
20 77 94810500.0
20 78 99999600.0
20 79 94812100.0
20 80 94812000.0
20 81 94811400.0
20 82 94812400.0
20 83 94811800.0
20 84 94813800.0
20 85 94811200.0
20 86 94808600.0
20 87 94813400.0
20 88 94812100.0
20 89 94809400.0
20 90 94811600.0
20 91 94812200.0
20 92 94811100.0
20 93 94809400.0
20 94 94810800.0
20 95 99998300.0
20 96 94809300.0
20 97 94809400.0
20 98 99998700.0
20 99 94810200.0
20 100 94812300.0
20 101 94810600.0
21 102 99993300.0
21 2 94807300.0
21 3 94809200.0
21 4 94810300.0
21 5 94808900.0
21 6 94807700.0
21 7 94805800.0
21 8 94811000.0
21 9 99997700.0
21 10 94806800.0
21 11 94806700.0
21 12 94805700.0
21 13 99997200.0
21 14 94810900.0
21 15 94806700.0
21 16 94810300.0
21 17 94810800.0
21 18 99995900.0
21 19 94808400.0
21 20 94806500.0
21 22 94809800.0
21 23 94807500.0
21 24 94808200.0
21 25 94810100.0
21 26 94807300.0
21 27 94807900.0
21 28 94811300.0
21 29 94809700.0
21 30 94808600.0
21 31 94809200.0
21 32 94807400.0
21 33 94811000.0
21 34 99996300.0
21 35 94806700.0
21 36 94809100.0
21 37 94806400.0
21 38 94811800.0
21 39 94806800.0
21 40 94807400.0
21 41 94805000.0
21 42 94809200.0
21 43 94808000.0
21 44 94806700.0
21 45 94810700.0
21 46 94807500.0
21 47 99997100.0
21 48 94810500.0
21 49 94808700.0
21 50 94809400.0
21 51 94810700.0
21 52 94807500.0
21 53 94807500.0
21 54 99998100.0
21 55 94808300.0
21 56 94806800.0
21 57 94810000.0
21 58 94805200.0
21 59 99996300.0
21 60 94808900.0
21 61 94805400.0
21 62 94810600.0
21 63 94811800.0
21 64 94810600.0
21 65 94807500.0
21 66 94807800.0
21 67 94808700.0
21 68 94808400.0
21 69 94805500.0
21 70 99997600.0
21 71 94807300.0
21 72 94807500.0
21 73 94805200.0
21 74 94808900.0
21 75 94809400.0
21 76 94808500.0
21 77 99995700.0
21 78 94806800.0
21 79 94809400.0
21 80 94807400.0
21 81 94811000.0
21 82 94808200.0
21 83 94810500.0
21 84 94804500.0
21 85 94809200.0
21 86 99997400.0
21 87 94805200.0
21 88 94809900.0
21 89 94807000.0
21 90 94806800.0
21 91 94810100.0
21 92 94806800.0
21 93 94807100.0
21 94 94809100.0
21 95 94806900.0
21 96 94807300.0
21 97 94807100.0
21 98 94807600.0
21 99 94810900.0
21 100 94810100.0
21 101 94809300.0
22 102 99995700.0
22 2 94812000.0
22 3 94812600.0
22 4 94812400.0
22 5 94811500.0
22 6 94809600.0
22 7 94808200.0
22 8 94811600.0
22 9 94811200.0
22 10 94806500.0
22 11 94809000.0
22 12 94808400.0
22 13 94812000.0
22 14 94811700.0
22 15 94810500.0
22 16 94812200.0
22 17 94810600.0
22 18 99997600.0
22 19 99997900.0
22 20 94810000.0
22 21 94809800.0
22 23 94806400.0
22 24 94806600.0
22 25 94808900.0
22 26 94812600.0
22 27 94811700.0
22 28 94813200.0
22 29 99998300.0
22 30 94809500.0
22 31 99997600.0
22 32 94807200.0
22 33 99997700.0
22 34 94810600.0
22 35 94811200.0
22 36 99998000.0
22 37 94809200.0
22 38 94810800.0
22 39 94812300.0
22 40 94811400.0
22 41 94809500.0
22 42 99999100.0
22 43 94808000.0
22 44 94812400.0
22 45 94813100.0
22 46 94812300.0
22 47 94811000.0
22 48 94809500.0
22 49 94808600.0
22 50 94812000.0
22 51 94809300.0
22 52 94808500.0
22 53 94810100.0
22 54 94810800.0
22 55 99998300.0
22 56 94811100.0
22 57 94807900.0
22 58 94809100.0
22 59 94813200.0
22 60 94807600.0
22 61 94808300.0
22 62 94808700.0
22 63 99997600.0
22 64 94808700.0
22 65 94808600.0
22 66 94813100.0
22 67 94808500.0
22 68 94808000.0
22 69 94810400.0
22 70 94811900.0
22 71 94806100.0
22 72 94807800.0
22 73 94808100.0
22 74 94807300.0
22 75 99999000.0
22 76 94807500.0
22 77 94812600.0
22 78 94810100.0
22 79 94809900.0
22 80 94808000.0
22 81 94812700.0
22 82 94813300.0
22 83 94811300.0
22 84 94808700.0
22 85 94808800.0
22 86 94812000.0
22 87 94810100.0
22 88 94810600.0
22 89 94813100.0
22 90 94807300.0
22 91 94811300.0
22 92 94812700.0
22 93 94813100.0
22 94 99998900.0
22 95 94811200.0
22 96 94806100.0
22 97 94806100.0
22 98 94810400.0
22 99 94809500.0
22 100 94811500.0
22 101 94808400.0
23 102 99994000.0
23 2 94807900.0
23 3 94809300.0
23 4 94809900.0
23 5 94810300.0
23 6 94811500.0
23 7 94810700.0
23 8 94810600.0
23 9 94809000.0
23 10 99998700.0
23 11 94811000.0
23 12 94810400.0
23 13 94808700.0
23 14 94810600.0
23 15 94809000.0
23 16 94810100.0
23 17 94811600.0
23 18 94807200.0
23 19 94806800.0
23 20 94809400.0
23 21 94807500.0
23 22 94806400.0
23 24 99999100.0
23 25 94813100.0
23 26 94807100.0
23 27 94809100.0
23 28 94808900.0
23 29 94807800.0
23 30 94812500.0
23 31 94808200.0
23 32 99998500.0
23 33 94808500.0
23 34 94810600.0
23 35 94808100.0
23 36 94807600.0
23 37 94810400.0
23 38 94811000.0
23 39 94806600.0
23 40 94808800.0
23 41 94807500.0
23 42 94806600.0
23 43 94814000.0
23 44 94806100.0
23 45 94809200.0
23 46 94807800.0
23 47 94809700.0
23 48 94812500.0
23 49 94813600.0
23 50 94810000.0
23 51 94812600.0
23 52 94812700.0
23 53 94810700.0
23 54 94808900.0
23 55 94805700.0
23 56 94808200.0
23 57 94813400.0
23 58 94808500.0
23 59 94807200.0
23 60 99998400.0
23 61 94809900.0
23 62 94812800.0
23 63 94807900.0
23 64 94812800.0
23 65 94812700.0
23 66 94807100.0
23 67 94813700.0
23 68 99998200.0
23 69 94807000.0
23 70 94808000.0
23 71 99999600.0
23 72 94813800.0
23 73 94809900.0
23 74 99998500.0
23 75 94806900.0
23 76 99998800.0
23 77 94809300.0
23 78 94809700.0
23 79 94812400.0
23 80 94813400.0
23 81 94809600.0
23 82 94807500.0
23 83 94811000.0
23 84 94807800.0
23 85 94813500.0
23 86 94808200.0
23 87 94806900.0
23 88 94811700.0
23 89 94804300.0
23 90 94813400.0
23 91 94811000.0
23 92 94805700.0
23 93 94804500.0
23 94 94806700.0
23 95 94808400.0
23 96 99999600.0
23 97 99999500.0
23 98 94810300.0
23 99 94812300.0
23 100 94810800.0
23 101 94813800.0
24 102 99994100.0
24 2 94807800.0
24 3 94809300.0
24 4 94810100.0
24 5 94810300.0
24 6 94811300.0
24 7 94810200.0
24 8 94810900.0
24 9 94809600.0
24 10 94814100.0
24 11 94810600.0
24 12 94810000.0
24 13 94809200.0
24 14 94810800.0
24 15 94808800.0
24 16 94810300.0
24 17 94812000.0
24 18 94807500.0
24 19 94806900.0
24 20 94809200.0
24 21 94808200.0
24 22 94806600.0
24 23 99999100.0
24 25 94813500.0
24 26 94807000.0
24 27 94809000.0
24 28 94809300.0
24 29 94807900.0
24 30 94812400.0
24 31 94808200.0
24 32 94814000.0
24 33 94808700.0
24 34 94811200.0
24 35 94807900.0
24 36 94807700.0
24 37 94810100.0
24 38 94811400.0
24 39 94806500.0
24 40 94808700.0
24 41 94807200.0
24 42 94806700.0
24 43 94813700.0
24 44 94806100.0
24 45 94809400.0
24 46 94807600.0
24 47 94810300.0
24 48 94812900.0
24 49 94813600.0
24 50 94810000.0
24 51 94813100.0
24 52 94812400.0
24 53 94810500.0
24 54 94809500.0
24 55 94805900.0
24 56 94808000.0
24 57 99998100.0
24 58 94808000.0
24 59 94807600.0
24 60 99998900.0
24 61 94809400.0
24 62 94813400.0
24 63 94808200.0
24 64 94813400.0
24 65 94812200.0
24 66 94807100.0
24 67 94813600.0
24 68 99998100.0
24 69 94806800.0
24 70 94808500.0
24 71 99999100.0
24 72 94813400.0
24 73 94809400.0
24 74 99999100.0
24 75 94807100.0
24 76 99998900.0
24 77 94809600.0
24 78 94809400.0
24 79 94812400.0
24 80 94812900.0
24 81 94809900.0
24 82 94807600.0
24 83 94811300.0
24 84 94807500.0
24 85 94813600.0
24 86 94808700.0
24 87 94806600.0
24 88 94811800.0
24 89 94804400.0
24 90 94812900.0
24 91 94811200.0
24 92 94805600.0
24 93 94804500.0
24 94 94806800.0
